241
242
2832
3037
5386
8393
8835
10029
10449
11074
11285
11286
11287
11288
11289
11290
11291
11292
11293
11537
13195
14408
15240
15521
16887
18163
21575
21762
21763
21764
21765
21766
21767
21768
21769
21770
21771
21846
21980
21981
21982
21983
21984
21985
21986
21987
21988
21989
21990
21991
21992
21993
21994
21995
21996
21997
21998
21999
22000
22193
22194
22195
22196
22197
22198
22497
22578
22673
22674
22679
22686
22813
22882
22898
22917
22992
22995
23013
23040
23048
23055
23063
23075
23202
23403
23525
23599
23604
23854
23948
24130
24410
24424
24469
24503
25000
25584
26270
26530
26577
26709
27259
27807
27874
28245
28246
28247
28248
28249
28250
28251
28252
28253
28254
28255
28256
28257
28258
28271
28311
28362
28363
28364
28365
28366
28367
28368
28369
28370
28371
28461
28881
28882
28883
28916

